#NSGA2
popsize 30
maxGen 20
numVar 8
numObj 2
numCons 6
stateFieldNames	currentGen	evaluateCount	totalTime	firstFrontCount	frontCount	avgEvalTime	
#end


#Generation 1 / 20
currentGen	1
evaluateCount	30
totalTime	80.9332
firstFrontCount	1
frontCount	30
avgEvalTime	2.69494
#end
Var1	Var2	Var3	Var4	Var5	Var6	Var7	Var8	Obj1	Obj2	Cons1	Cons2	Cons3	Cons4	Cons5	Cons6	
60.3326	459.59	984.048	340.91	804.753	423.094	283.842	703.397	0.214543	366.186	0	0	0	0	0	0	
502.689	364.68	667.228	857.961	741.899	981.374	609.863	371.59	0.0730765	397.539	0	0	0	0	0	0	
128.71	89.6163	942.911	316.977	669.633	847.372	815.811	983.403	0.172629	360.936	0	0	0	0	0	0	
300.344	502.074	774.324	129.511	720.943	347.012	374.926	72.4239	0.182907	375.953	0	0	0	0	0	0	
331.285	955.622	870.123	998.923	297.676	92.9554	719.808	171.238	0.147398	376.134	0	0	0	0	0	0	
243.906	278.631	940.4	688.995	8.95634	926.541	928.588	352.57	0.155299	367.742	0	0	0	0	0	0	
847.599	502.115	603.502	212.781	612.827	512.85	715.958	894.522	0.1476	375.982	0	0	0	0	0	0	
102.754	495.198	925.583	978.1	380.871	110.975	623.35	34.9083	0.249083	375.393	0	0	0	0	0	0	
18.4666	91.3572	534.478	389.411	769.921	824.571	614.613	662.781	0.245073	363.441	0	0	0	0	0	0	
639.708	115.296	425.691	368.922	253.617	510.569	176.573	91.0582	0.177792	376.007	0	0	0	0	0	0	
790.925	762.101	629.845	163.914	875.777	970.313	278.122	632.66	0.188621	380.489	0	0	0	0	0	0	
68.2101	941.176	440.999	878.045	413.642	551.479	365.424	740.197	0.2328	379.675	0	0	0	0	0	0	
399.725	435.99	885.885	926.234	326.802	782.417	223.732	413.796	0.121492	377.416	0	0	0	0	0	0	
352.303	29.388	306.37	897.054	523.265	623.57	496.938	732.048	0.247589	375.126	0	0	0	0	0	0	
484.218	673.966	858.585	901.105	454.412	541.773	974.939	350.466	0.0638908	395.938	0	0	0	0	0	0	
303.087	92.8702	360.102	781.601	486.175	65.5421	273.175	75.0158	0.204547	369.461	0	0	0	0	0	0	
896.657	140.485	941.685	934.104	531.781	903.86	622.152	985.926	0.207821	378.201	0	0	0	0	0	0	
886.901	265.388	85.7311	93.0627	684.888	673.863	695.457	214.137	0.187494	363.756	0	0	0	0	0	0	
13.4749	308.148	130.629	850.769	92.1248	687.948	87.3467	60.1673	0.29165	381.693	0	0	0	0	0	0	
669.77	572.468	965.981	603.435	190.313	328.672	306.17	464.916	0.0758366	395.176	0	0	0	0	0	0	
430.111	923.041	828.16	964.63	874.011	519.795	720.462	737.771	0.116046	383.882	0	0	0	0	0	0	
355.741	960.722	740.299	167.823	857.12	473.642	810.379	630.923	0.174843	368.2	0	0	0	0	0	0	
129.89	819.13	32.7166	963.063	823.825	248.112	875.803	896.092	0.258546	352.105	0	0	0	0	0	0	
656.09	273.538	80.6864	691.156	846.995	43.8023	177.176	66.0221	0.243762	374.488	0	0	0	0	0	0	
28.3194	67.8581	532.796	378.51	181.288	602.552	204.452	284.147	0.225464	374.252	0	0	0	0	0	0	
828.972	466.056	378.382	715.248	593.84	686.528	560.581	318.738	0.0791318	396.358	0	0	0	0	0	0	
753.039	80.1014	902.323	974.502	454.14	518.293	289.76	969.396	0.236695	391.774	0	0	0	0	0	0	
753.447	684.292	387.439	267.231	834.075	174.081	670.863	656.113	0.112209	382.587	0	0	0	0	0	0	
613.114	288.824	155.14	816.373	411.382	310.258	500.291	472.006	0.17402	370.737	0	0	0	0	0	0	
43.765	992.19	753.171	435.417	714.949	148.67	533.74	251.284	0.251017	366.279	0	0	0	0	0	0	



#Generation 2 / 20
currentGen	2
evaluateCount	60
totalTime	163.997
firstFrontCount	1
frontCount	25
avgEvalTime	2.72215
#end
Var1	Var2	Var3	Var4	Var5	Var6	Var7	Var8	Obj1	Obj2	Cons1	Cons2	Cons3	Cons4	Cons5	Cons6	
901.971	502.115	511.25	0	612.827	512.85	715.958	894.522	0.276482	374.049	0	0	0	0	0	0	
676.804	572.468	683.641	553.993	190.313	328.672	376.6	464.916	0.0540985	399.931	0	0	0	0	0	0	
847.599	502.115	603.502	212.781	612.827	512.85	715.958	894.522	0.1476	375.982	0	0	0	0	0	0	
669.77	556.355	838.879	358.385	161.625	328.672	306.17	464.916	0.0962564	385.345	0	0	0	0	0	0	
669.77	572.468	965.981	603.435	190.313	328.672	306.17	464.916	0.0758366	395.176	0	0	0	0	0	0	
821.87	684.292	245.489	267.231	387.298	0	776.475	750.106	0.140586	370.371	0	0	0	0	0	0	
886.901	265.388	85.7311	93.0627	684.888	673.863	695.457	214.137	0.187494	363.756	0	0	0	0	0	0	
787.76	490.675	965.981	603.435	190.313	382.418	306.17	464.916	0.0815328	389.814	0	0	0	0	0	0	
879.866	265.388	368.071	93.0627	684.888	673.863	695.457	214.137	0.221495	377.676	0	0	0	0	0	0	
753.447	684.292	387.439	267.231	834.075	174.081	670.863	656.113	0.112209	382.587	0	0	0	0	0	0	
753.447	584.996	401.843	267.231	834.075	174.081	675.068	656.113	0.101325	385.969	0	0	0	0	0	0	
790.925	762.101	629.845	163.914	875.777	970.313	278.122	632.66	0.188621	380.489	0	0	0	0	0	0	
790.925	720.697	629.845	163.914	757.647	970.313	278.122	632.66	0.175901	377.796	0	0	0	0	0	0	
790.925	762.101	756.947	408.964	857.116	970.313	278.122	632.66	0.1157	381.877	0	0	0	0	0	0	
613.114	288.824	510.51	931.82	411.382	359.827	611.896	691.385	0.130521	380.922	0	0	0	0	0	0	
828.972	466.056	378.382	715.248	593.84	686.528	560.581	318.738	0.0791318	396.358	0	0	0	0	0	0	
828.972	466.056	378.382	715.248	593.84	686.528	560.581	318.738	0.0855341	394.785	0	0	0	0	0	0	
18.4666	91.3572	534.478	389.411	769.921	824.571	614.613	662.781	0.245073	363.441	0	0	0	0	0	0	
18.4666	91.3572	534.478	327.614	769.921	824.571	614.613	662.781	0.216218	375.687	0	0	0	0	0	0	
18.4666	91.3572	534.478	389.411	769.921	824.571	614.613	662.781	0.229437	368.708	0	0	0	0	0	0	
639.708	115.296	425.691	368.922	253.617	510.569	176.573	91.0582	0.177792	376.007	0	0	0	0	0	0	
18.4666	91.3572	534.478	389.411	888.051	824.571	614.613	662.781	0.206417	373.764	0	0	0	0	0	0	
613.114	288.824	155.14	816.373	411.382	310.258	500.291	472.006	0.17402	370.737	0	0	0	0	0	0	
456.977	684.292	387.439	285.27	740.836	174.081	670.863	656.113	0.0754435	394.819	0	0	0	0	0	0	
584.582	762.101	611.028	163.914	878.951	970.313	278.122	632.66	0.188377	379.472	0	0	0	0	0	0	
460.758	528.851	653.072	231.879	875.777	970.313	278.122	632.66	0.132673	379.729	0	0	0	0	0	0	
128.71	89.6163	942.911	316.977	669.633	847.372	815.811	983.403	0.172629	360.936	0	0	0	0	0	0	
869.733	67.8581	516.882	595.003	181.288	602.552	307.118	241.628	0.236184	379.416	0	0	0	0	0	0	
284.672	111.181	306.37	897.054	600.403	606.736	496.938	753.737	0.17729	367.304	0	0	0	0	0	0	
430.111	942.594	836.513	213.638	874.011	507.194	759.85	737.771	0.173675	375.975	0	0	0	0	0	0	



#Generation 3 / 20
currentGen	3
evaluateCount	90
totalTime	245.238
firstFrontCount	1
frontCount	26
avgEvalTime	2.70698
#end
Var1	Var2	Var3	Var4	Var5	Var6	Var7	Var8	Obj1	Obj2	Cons1	Cons2	Cons3	Cons4	Cons5	Cons6	
880.681	502.115	511.25	0	626.715	704.24	879.658	894.522	0.277286	390.685	0	0	0	0	0	0	
879.866	518.235	368.071	132.454	684.888	694.376	677.227	673.64	0.165222	388.987	0	0	0	0	0	0	
682.662	737.458	683.641	638.544	190.313	328.672	343.483	634.367	0.0461346	403.558	0	0	0	0	0	0	
676.648	572.468	621.264	603.435	251.178	328.672	306.17	464.916	0.0438896	406.678	0	0	0	0	0	0	
901.971	502.115	511.25	0	612.827	512.85	715.958	894.522	0.276482	374.049	0	0	0	0	0	0	
847.599	502.115	262.97	273.316	612.827	512.85	715.958	1000	0.072426	402.485	0	0	0	0	0	0	
676.804	572.468	683.641	553.993	190.313	328.672	376.6	464.916	0.0540985	399.931	0	0	0	0	0	0	
847.599	502.115	603.502	212.781	612.827	512.85	715.958	894.522	0.1476	375.982	0	0	0	0	0	0	
847.599	502.115	603.502	212.781	612.827	512.85	715.958	894.522	0.143289	371.291	0	0	0	0	0	0	
750.036	556.355	805.801	358.385	145.956	328.672	318.023	464.916	0.0956823	388.619	0	0	0	0	0	0	
769.551	502.115	603.502	212.781	612.827	447.223	715.959	894.522	0.127981	383.489	0	0	0	0	0	0	
669.77	556.355	838.879	358.385	161.625	328.672	306.17	464.916	0.0962564	385.345	0	0	0	0	0	0	
669.926	572.468	901.624	553.993	190.313	328.672	376.6	464.916	0.0563473	400.828	0	0	0	0	0	0	
763.087	572.468	965.981	603.435	190.313	330.98	429.984	464.916	0.0650931	398.392	0	0	0	0	0	0	
669.77	572.468	965.981	603.435	190.313	328.672	306.17	464.916	0.0758366	395.176	0	0	0	0	0	0	
691.561	572.468	965.981	603.435	190.313	328.672	306.17	448.29	0.0604967	396.905	0	0	0	0	0	0	
669.77	572.468	965.981	644.431	190.313	328.672	305.573	634.243	0.0519164	402.006	0	0	0	0	0	0	
821.87	684.292	245.489	267.231	387.298	0	776.475	750.106	0.140586	370.371	0	0	0	0	0	0	
648.353	684.292	705.564	206.695	387.298	0	776.475	750.106	0.144425	373.173	0	0	0	0	0	0	
790.925	526.325	629.845	163.914	788.432	970.313	599.236	632.66	0.181881	374.589	0	0	0	0	0	0	
886.901	265.388	85.7311	93.0627	684.888	673.863	695.457	214.137	0.187494	363.756	0	0	0	0	0	0	
787.76	490.675	965.981	603.435	190.313	382.418	306.17	464.916	0.0815328	389.814	0	0	0	0	0	0	
879.866	265.388	368.071	93.0627	684.888	673.863	695.457	214.137	0.221495	377.676	0	0	0	0	0	0	
753.447	684.292	387.439	267.231	834.075	174.081	670.863	656.113	0.112209	382.587	0	0	0	0	0	0	
753.447	584.996	401.843	267.231	834.075	174.081	675.068	656.113	0.101325	385.969	0	0	0	0	0	0	
828.972	701.832	378.382	715.248	593.84	580.857	239.468	318.738	0.113538	380.869	0	0	0	0	0	0	
790.925	762.101	756.947	408.964	753.486	970.313	278.719	508.179	0.0907128	397.937	0	0	0	0	0	0	
790.925	762.101	629.845	163.914	875.777	970.313	278.122	632.66	0.188621	380.489	0	0	0	0	0	0	
790.925	720.697	629.845	163.914	757.647	970.313	278.122	632.66	0.175901	377.796	0	0	0	0	0	0	
790.925	762.101	756.947	408.964	857.116	970.313	278.122	632.66	0.1157	381.877	0	0	0	0	0	0	



#Generation 4 / 20
currentGen	4
evaluateCount	120
totalTime	326.129
firstFrontCount	2
frontCount	26
avgEvalTime	2.69545
#end
Var1	Var2	Var3	Var4	Var5	Var6	Var7	Var8	Obj1	Obj2	Cons1	Cons2	Cons3	Cons4	Cons5	Cons6	
682.662	670.416	615.35	568.922	190.313	328.672	343.483	634.367	0.0458138	407.936	0	0	0	0	0	0	
645.421	584.996	401.843	267.231	145.184	174.081	408.757	718.439	0.0821023	391.227	0	0	0	0	0	0	
880.681	502.115	511.25	0	626.715	704.24	879.658	894.522	0.277286	390.685	0	0	0	0	0	0	
879.866	518.235	368.071	132.454	684.888	694.376	677.227	673.64	0.165222	388.987	0	0	0	0	0	0	
857.932	550.579	368.071	148.81	684.888	661.034	677.227	673.64	0.176351	367.749	0	0	0	0	0	0	
682.662	737.458	683.641	638.544	190.313	328.672	343.483	634.367	0.0461346	403.558	0	0	0	0	0	0	
682.662	737.458	683.641	638.544	265.136	328.672	343.483	634.367	0.047522	402.29	0	0	0	0	0	0	
676.648	572.468	621.264	603.435	251.178	328.672	306.17	464.916	0.0438896	406.678	0	0	0	0	0	0	
677.532	737.458	683.641	638.544	190.313	328.672	305.547	634.367	0.0455564	406.686	0	0	0	0	0	0	
901.971	502.115	511.25	0	612.827	512.85	715.958	894.522	0.276482	374.049	0	0	0	0	0	0	
847.599	502.115	262.97	273.316	612.827	512.85	715.958	1000	0.072426	402.485	0	0	0	0	0	0	
676.804	572.468	683.641	553.993	190.313	328.672	376.6	464.916	0.0540985	399.931	0	0	0	0	0	0	
676.804	572.468	683.641	553.993	190.313	328.672	376.6	754.815	0.0457509	405.273	0	0	0	0	0	0	
648.353	734.5	705.564	137.784	440.807	443.677	776.475	750.106	0.182413	371.849	0	0	0	0	0	0	
676.648	572.468	619.232	603.435	251.178	185.243	306.17	464.916	0.0575031	399.502	0	0	0	0	0	0	
790.925	526.325	629.75	189.571	605.982	594.532	599.236	632.66	0.16604	379.338	0	0	0	0	0	0	
864.669	663.197	603.502	212.781	612.827	854.74	836.721	737.73	0.134018	392.943	0	0	0	0	0	0	
645.006	572.468	621.264	603.435	251.178	177.163	344.106	498.809	0.0537104	400.669	0	0	0	0	0	0	
936.529	684.292	333.456	267.231	580.244	542.729	776.475	676.057	0.129091	375.046	0	0	0	0	0	0	
771.301	650.859	805.801	358.385	145.956	227.137	318.023	464.916	0.116477	385.413	0	0	0	0	0	0	
769.551	586.097	603.502	519.03	612.827	447.223	715.959	894.522	0.0635746	396.009	0	0	0	0	0	0	
814.461	555.253	511.25	0	626.715	506.202	758.895	692.127	0.266447	382.365	0	0	0	0	0	0	
847.599	502.115	603.502	212.781	612.827	512.85	715.958	894.522	0.1476	375.982	0	0	0	0	0	0	
847.599	502.115	603.502	212.781	612.827	512.85	715.958	894.522	0.143289	371.291	0	0	0	0	0	0	
847.599	502.115	671.792	184.7	574.249	512.85	715.958	894.522	0.161527	383.588	0	0	0	0	0	0	
750.036	556.355	805.801	358.385	145.956	328.672	318.023	464.916	0.0956823	388.619	0	0	0	0	0	0	
769.551	502.115	603.502	212.781	612.827	447.223	715.959	894.522	0.127981	383.489	0	0	0	0	0	0	
847.599	502.115	603.597	187.123	764.508	888.631	715.958	894.522	0.142013	385.583	0	0	0	0	0	0	
1000	502.115	262.97	261.866	365.884	77.0326	715.958	1000	0.107595	380.665	0	0	0	0	0	0	
669.77	556.355	838.879	358.385	161.625	328.672	306.17	464.916	0.0962564	385.345	0	0	0	0	0	0	



#Generation 5 / 20
currentGen	5
evaluateCount	150
totalTime	407.835
firstFrontCount	3
frontCount	21
avgEvalTime	2.72267
#end
Var1	Var2	Var3	Var4	Var5	Var6	Var7	Var8	Obj1	Obj2	Cons1	Cons2	Cons3	Cons4	Cons5	Cons6	
682.662	670.416	615.35	568.922	190.313	328.672	343.483	634.367	0.0458138	407.936	0	0	0	0	0	0	
645.421	584.996	401.843	267.231	145.184	174.081	408.757	718.439	0.0821023	391.227	0	0	0	0	0	0	
645.421	584.055	401.843	267.231	96.28	404.27	430.015	718.439	0.0927534	387.901	0	0	0	0	0	0	
880.681	502.115	511.25	0	626.715	704.24	879.658	894.522	0.277286	390.685	0	0	0	0	0	0	
879.866	518.235	368.071	132.454	684.888	694.376	677.227	673.64	0.165222	388.987	0	0	0	0	0	0	
857.932	550.579	368.071	148.81	684.888	661.034	677.227	673.64	0.176351	367.749	0	0	0	0	0	0	
857.932	660.157	368.071	148.81	684.888	723.914	702.411	673.64	0.172643	375.014	0	0	0	0	0	0	
682.662	737.458	683.641	638.544	190.313	328.672	343.483	634.367	0.0461346	403.558	0	0	0	0	0	0	
682.662	737.458	683.641	638.544	265.136	328.672	343.483	634.367	0.047522	402.29	0	0	0	0	0	0	
682.662	737.458	683.641	638.544	245.187	328.672	343.483	634.367	0.0433175	406.275	0	0	0	0	0	0	
682.662	737.458	683.641	638.544	210.083	328.672	343.483	634.367	0.0536647	398.864	0	0	0	0	0	0	
682.662	737.458	678.643	638.544	190.313	426.415	481.742	833.401	0.0576481	400.096	0	0	0	0	0	0	
682.662	737.458	683.641	691.857	210.262	328.672	343.483	634.367	0.0594223	398.469	0	0	0	0	0	0	
676.648	572.468	621.264	603.435	251.178	328.672	306.17	464.916	0.0438896	406.678	0	0	0	0	0	0	
677.532	737.458	683.641	638.544	190.313	328.672	305.547	634.367	0.0455564	406.686	0	0	0	0	0	0	
901.971	502.115	511.25	0	612.827	512.85	715.958	894.522	0.276482	374.049	0	0	0	0	0	0	
847.599	502.115	262.97	273.316	612.827	512.85	715.958	1000	0.072426	402.485	0	0	0	0	0	0	
940.346	518.235	521.07	132.454	781.893	694.376	677.227	673.64	0.184756	378.343	0	0	0	0	0	0	
676.804	572.468	683.641	553.993	190.313	328.672	376.6	464.916	0.0540985	399.931	0	0	0	0	0	0	
676.804	572.468	683.641	553.993	190.313	328.672	376.6	754.815	0.0457509	405.273	0	0	0	0	0	0	
676.804	572.468	683.641	386.943	190.313	328.672	376.6	679.481	0.0703412	400.545	0	0	0	0	0	0	
648.353	734.5	705.564	137.784	440.807	443.677	776.475	750.106	0.182413	371.849	0	0	0	0	0	0	
676.648	572.468	619.232	603.435	251.178	185.243	306.17	464.916	0.0575031	399.502	0	0	0	0	0	0	
678.447	572.468	619.232	603.435	251.178	185.243	308.705	450.442	0.0622799	396.325	0	0	0	0	0	0	
790.925	526.325	629.75	189.571	605.982	594.532	599.236	632.66	0.16604	379.338	0	0	0	0	0	0	
857.932	550.579	645.151	148.81	566.697	545.556	557.192	562.041	0.188308	371.055	0	0	0	0	0	0	
864.669	663.197	603.502	212.781	612.827	854.74	836.721	737.73	0.134018	392.943	0	0	0	0	0	0	
645.006	572.468	621.264	603.435	251.178	177.163	344.106	498.809	0.0537104	400.669	0	0	0	0	0	0	
714.569	737.458	683.641	638.544	265.136	162.811	252.321	634.367	0.0291219	410.384	0	0	0	0	0	0	
797.523	572.468	698.483	603.435	251.178	319.723	344.106	498.809	0.0494301	402.283	0	0	0	0	0	0	



#Generation 6 / 20
currentGen	6
evaluateCount	180
totalTime	489.931
firstFrontCount	4
frontCount	19
avgEvalTime	2.72725
#end
Var1	Var2	Var3	Var4	Var5	Var6	Var7	Var8	Obj1	Obj2	Cons1	Cons2	Cons3	Cons4	Cons5	Cons6	
645.421	584.996	401.843	267.231	145.184	174.081	408.757	718.439	0.0821023	391.227	0	0	0	0	0	0	
682.662	670.416	615.35	568.922	190.313	328.672	343.483	627.059	0.0487152	400.46	0	0	0	0	0	0	
675.356	623.094	450.481	267.231	201.696	325.598	430.015	718.439	0.089828	387.502	0	0	0	0	0	0	
682.662	670.416	615.35	568.922	190.313	280.911	343.483	542.294	0.0423422	407.711	0	0	0	0	0	0	
682.662	670.416	615.35	568.922	190.313	328.672	343.483	634.367	0.0458138	407.936	0	0	0	0	0	0	
645.421	584.055	401.843	267.231	96.28	404.27	430.015	718.439	0.0927534	387.901	0	0	0	0	0	0	
832.419	550.579	368.071	277.58	574.685	654.03	677.227	673.64	0.107367	378.911	0	0	0	0	0	0	
880.681	502.115	511.25	0	626.715	704.24	879.658	894.522	0.277286	390.685	0	0	0	0	0	0	
879.866	518.235	368.071	132.454	684.888	694.376	677.227	673.64	0.165222	388.987	0	0	0	0	0	0	
855.335	502.115	262.97	144.547	612.827	588.731	715.958	1000	0.13844	383.765	0	0	0	0	0	0	
755.227	581.42	401.843	267.231	96.28	404.27	379.677	718.439	0.104677	384.306	0	0	0	0	0	0	
857.932	550.579	368.071	148.81	684.888	661.034	677.227	673.64	0.176351	367.749	0	0	0	0	0	0	
857.932	660.157	368.071	148.81	684.888	723.914	702.411	673.64	0.172643	375.014	0	0	0	0	0	0	
880.681	502.115	554.742	0	626.715	704.24	879.658	894.522	0.242231	417.509	0	0	0	0	0	0	
787.697	724.992	401.843	267.231	239.532	186.831	543.51	718.439	0.11734	385.459	0	0	0	0	0	0	
682.662	737.458	683.641	638.544	190.313	328.672	343.483	634.367	0.0461346	403.558	0	0	0	0	0	0	
682.662	737.458	683.641	638.544	265.136	328.672	343.483	634.367	0.047522	402.29	0	0	0	0	0	0	
682.662	737.458	683.641	638.544	245.187	328.672	343.483	634.367	0.0433175	406.275	0	0	0	0	0	0	
682.662	737.458	683.641	638.544	210.083	328.672	343.483	634.367	0.0536647	398.864	0	0	0	0	0	0	
682.662	737.458	678.643	638.544	190.313	426.415	481.742	833.401	0.0576481	400.096	0	0	0	0	0	0	
682.662	737.458	683.641	303.491	265.136	328.672	343.483	634.367	0.116273	383.056	0	0	0	0	0	0	
682.662	737.458	683.641	638.544	265.136	412.776	468.781	620.002	0.0628283	396.547	0	0	0	0	0	0	
682.662	737.458	612.402	421.78	191.537	328.672	349.833	523.309	0.053781	402.883	0	0	0	0	0	0	
682.662	737.458	683.641	691.857	210.262	328.672	343.483	634.367	0.0594223	398.469	0	0	0	0	0	0	
859.489	660.157	368.071	225.818	451.119	723.914	724.224	656.356	0.127652	382.775	0	0	0	0	0	0	
857.932	627.131	317.612	315.498	684.888	661.034	677.227	631.033	0.117156	376.403	0	0	0	0	0	0	
676.648	572.468	621.264	603.435	251.178	328.672	306.17	464.916	0.0438896	406.678	0	0	0	0	0	0	
735.117	817.734	785.43	471.856	245.187	328.672	343.483	676.975	0.0855222	391.079	0	0	0	0	0	0	
677.532	737.458	683.641	638.544	190.313	328.672	305.547	634.367	0.0455564	406.686	0	0	0	0	0	0	
655.969	670.416	615.35	301.897	190.313	328.672	712.013	634.367	0.101237	387.721	0	0	0	0	0	0	



#Generation 7 / 20
currentGen	7
evaluateCount	210
totalTime	571.929
firstFrontCount	8
frontCount	15
avgEvalTime	2.73256
#end
Var1	Var2	Var3	Var4	Var5	Var6	Var7	Var8	Obj1	Obj2	Cons1	Cons2	Cons3	Cons4	Cons5	Cons6	
645.421	584.996	401.843	267.231	145.184	174.081	408.757	718.439	0.0821023	391.227	0	0	0	0	0	0	
682.662	670.416	615.35	568.922	190.313	328.672	343.483	627.059	0.0487152	400.46	0	0	0	0	0	0	
675.356	623.094	450.481	267.231	201.696	325.598	430.015	718.439	0.089828	387.502	0	0	0	0	0	0	
682.662	670.416	615.35	568.922	190.313	280.911	343.483	542.294	0.0423422	407.711	0	0	0	0	0	0	
682.662	630.256	615.35	568.922	172.592	328.672	375.061	538.592	0.0564054	398.784	0	0	0	0	0	0	
675.356	663.254	450.481	270.946	201.696	325.598	416.27	712.932	0.115428	381.047	0	0	0	0	0	0	
645.421	584.055	401.843	264.583	96.28	404.27	450.063	718.439	0.097659	383.507	0	0	0	0	0	0	
682.662	653.208	615.35	568.922	167.43	328.672	343.483	875.443	0.0449448	406.088	0	0	0	0	0	0	
682.662	670.416	615.35	568.922	190.313	328.672	343.483	634.367	0.0458138	407.936	0	0	0	0	0	0	
645.421	584.055	401.843	267.231	96.28	404.27	430.015	718.439	0.0927534	387.901	0	0	0	0	0	0	
597.238	578.237	401.843	267.231	145.184	174.081	408.757	718.439	0.0823629	391.863	0	0	0	0	0	0	
657.88	584.996	386.996	267.231	145.184	174.081	408.757	718.439	0.0988753	385.954	0	0	0	0	0	0	
756.97	502.115	262.97	144.547	220.408	588.731	715.958	971.413	0.145096	383.54	0	0	0	0	0	0	
755.227	581.42	401.843	267.231	96.28	404.27	433.642	718.439	0.0910115	398.032	0	0	0	0	0	0	
787.697	724.992	401.843	267.231	162.26	186.831	543.51	718.439	0.115823	387.862	0	0	0	0	0	0	
832.419	550.579	368.071	277.58	574.685	654.03	677.227	673.64	0.107367	378.911	0	0	0	0	0	0	
880.681	502.115	511.25	0	626.715	704.24	879.658	894.522	0.277286	390.685	0	0	0	0	0	0	
747.006	502.115	511.25	0	155.391	499.257	879.658	894.522	0.251991	386.811	0	0	0	0	0	0	
879.866	518.235	368.071	109.902	684.888	694.376	677.227	684.12	0.198482	368.556	0	0	0	0	0	0	
879.866	518.235	368.071	132.454	684.888	694.376	677.227	673.64	0.165222	388.987	0	0	0	0	0	0	
879.866	518.235	316.995	133.449	684.888	694.376	677.227	673.64	0.171149	384.527	0	0	0	0	0	0	
855.335	502.115	262.97	144.547	612.827	588.731	715.958	1000	0.13844	383.765	0	0	0	0	0	0	
755.227	581.42	401.843	267.231	96.28	404.27	379.677	718.439	0.104677	384.306	0	0	0	0	0	0	
857.932	550.579	368.071	148.81	684.888	661.034	677.227	673.64	0.176351	367.749	0	0	0	0	0	0	
682.662	638.258	683.641	303.491	186.4	328.672	343.483	649.094	0.106449	387.222	0	0	0	0	0	0	
645.421	584.055	401.843	267.231	96.28	404.27	356.237	718.439	0.0805555	394.188	0	0	0	0	0	0	
857.932	660.157	368.071	148.81	684.888	723.914	702.411	673.64	0.172643	375.014	0	0	0	0	0	0	
880.681	502.115	554.742	0	626.715	704.24	879.658	894.522	0.242231	417.509	0	0	0	0	0	0	
787.697	724.992	401.843	267.231	239.532	186.831	543.51	718.439	0.11734	385.459	0	0	0	0	0	0	
782.83	724.992	267.297	267.231	239.532	186.831	543.51	935.048	0.104478	389.138	0	0	0	0	0	0	



#Generation 8 / 20
currentGen	8
evaluateCount	240
totalTime	653.202
firstFrontCount	13
frontCount	5
avgEvalTime	2.70851
#end
Var1	Var2	Var3	Var4	Var5	Var6	Var7	Var8	Obj1	Obj2	Cons1	Cons2	Cons3	Cons4	Cons5	Cons6	
645.421	584.996	401.843	267.231	145.184	174.081	408.757	718.439	0.0821023	391.227	0	0	0	0	0	0	
682.662	670.416	615.35	568.922	190.313	328.672	343.483	627.059	0.0487152	400.46	0	0	0	0	0	0	
675.356	623.094	450.481	267.231	201.696	325.598	430.015	718.439	0.089828	387.502	0	0	0	0	0	0	
682.662	670.416	615.35	568.922	190.313	280.911	343.483	542.294	0.0423422	407.711	0	0	0	0	0	0	
682.662	630.256	615.35	568.922	172.592	328.672	375.061	538.592	0.0564054	398.784	0	0	0	0	0	0	
645.421	584.055	401.843	264.583	96.28	404.27	450.063	718.439	0.097659	383.507	0	0	0	0	0	0	
682.662	653.208	615.35	568.922	167.43	328.672	343.483	875.443	0.0449448	406.088	0	0	0	0	0	0	
675.356	623.094	395.43	267.231	201.696	325.598	430.015	718.439	0.100171	383.42	0	0	0	0	0	0	
657.88	554.004	386.996	267.231	145.184	174.081	408.757	733.972	0.0879572	389.218	0	0	0	0	0	0	
645.421	584.055	401.843	266.291	96.28	396.997	450.063	718.439	0.111851	376.45	0	0	0	0	0	0	
675.356	585.215	450.481	334.265	201.696	325.598	430.015	718.439	0.069692	394.73	0	0	0	0	0	0	
645.421	584.055	381.49	267.231	96.28	404.27	560.583	718.439	0.0791081	393.901	0	0	0	0	0	0	
787.697	724.992	381.207	267.231	162.26	371.031	543.51	701.423	0.132765	375.187	0	0	0	0	0	0	
675.356	663.254	450.481	270.946	201.696	325.598	416.27	712.932	0.115428	381.047	0	0	0	0	0	0	
682.662	670.416	615.35	568.922	190.313	328.672	343.483	634.367	0.0458138	407.936	0	0	0	0	0	0	
645.421	584.055	401.843	267.231	96.28	404.27	430.015	718.439	0.0927534	387.901	0	0	0	0	0	0	
597.238	578.237	401.843	267.231	145.184	174.081	408.757	718.439	0.0823629	391.863	0	0	0	0	0	0	
657.88	584.996	386.996	267.231	145.184	174.081	408.757	718.439	0.0988753	385.954	0	0	0	0	0	0	
756.97	469.253	262.97	64.4336	220.408	657.113	790.989	971.413	0.194029	375.767	0	0	0	0	0	0	
756.97	446.497	314.513	144.547	515.629	588.731	726.899	971.413	0.132606	378.252	0	0	0	0	0	0	
682.662	630.86	615.35	556.122	232.482	328.672	375.061	539.349	0.0490466	401.418	0	0	0	0	0	0	
645.421	584.055	401.843	267.231	96.28	289.927	356.237	718.439	0.074758	397.123	0	0	0	0	0	0	
756.97	502.115	262.97	144.547	220.408	588.731	715.958	971.413	0.145096	383.54	0	0	0	0	0	0	
787.697	724.992	401.843	267.231	162.26	186.831	543.51	718.439	0.115823	387.862	0	0	0	0	0	0	
645.421	627.685	401.843	265.523	96.28	361.783	430.015	756.516	0.0838418	395.602	0	0	0	0	0	0	
675.356	640.891	450.481	267.231	130.607	325.598	430.015	718.439	0.104696	389.458	0	0	0	0	0	0	
691.307	623.094	450.481	267.231	201.696	325.598	430.015	718.439	0.0835983	395.63	0	0	0	0	0	0	
755.227	581.42	401.843	267.231	96.28	404.27	433.642	718.439	0.0910115	398.032	0	0	0	0	0	0	
675.356	663.254	450.481	270.946	201.696	292.767	416.27	712.932	0.0922773	395.639	0	0	0	0	0	0	
880.681	614.468	512.251	0	524.215	539.442	625.352	751.11	0.280262	396.859	0	0	0	0	0	0	



#Generation 9 / 20
currentGen	9
evaluateCount	270
totalTime	734.539
firstFrontCount	12
frontCount	3
avgEvalTime	2.71065
#end
Var1	Var2	Var3	Var4	Var5	Var6	Var7	Var8	Obj1	Obj2	Cons1	Cons2	Cons3	Cons4	Cons5	Cons6	
645.421	584.996	401.843	267.231	145.184	174.081	408.757	718.439	0.0821023	391.227	0	0	0	0	0	0	
682.662	670.416	615.35	568.922	190.313	328.672	343.483	627.059	0.0487152	400.46	0	0	0	0	0	0	
675.356	623.094	450.481	267.231	201.696	325.598	430.015	718.439	0.089828	387.502	0	0	0	0	0	0	
682.662	670.416	615.35	568.922	190.313	280.911	343.483	542.294	0.0423422	407.711	0	0	0	0	0	0	
682.662	630.256	615.35	568.922	172.592	328.672	375.061	538.592	0.0564054	398.784	0	0	0	0	0	0	
657.88	554.004	386.996	267.231	145.184	174.081	408.757	733.972	0.0879572	389.218	0	0	0	0	0	0	
645.421	584.055	401.843	266.291	96.28	396.997	450.063	718.439	0.111851	376.45	0	0	0	0	0	0	
787.697	724.992	381.207	267.231	162.26	371.031	543.51	701.423	0.132765	375.187	0	0	0	0	0	0	
682.662	653.208	615.35	568.922	167.43	328.672	438.938	875.443	0.0439922	401.931	0	0	0	0	0	0	
771.903	630.86	615.35	579.994	232.482	328.672	361.252	539.349	0.0647343	393.599	0	0	0	0	0	0	
682.701	630.256	579.233	568.922	204.241	328.672	375.061	538.592	0.0385652	409.056	0	0	0	0	0	0	
756.97	502.115	262.97	247.705	206.95	442.805	693.62	955.245	0.0953615	382.138	0	0	0	0	0	0	
645.421	584.055	401.843	264.583	96.28	404.27	450.063	718.439	0.097659	383.507	0	0	0	0	0	0	
682.662	653.208	615.35	568.922	167.43	328.672	343.483	875.443	0.0449448	406.088	0	0	0	0	0	0	
675.356	623.094	395.43	267.231	201.696	325.598	430.015	718.439	0.100171	383.42	0	0	0	0	0	0	
675.356	585.215	450.481	334.265	201.696	325.598	430.015	718.439	0.069692	394.73	0	0	0	0	0	0	
645.421	584.055	381.49	267.231	96.28	404.27	560.583	718.439	0.0791081	393.901	0	0	0	0	0	0	
675.356	663.254	450.481	270.946	201.696	325.598	416.27	712.932	0.115428	381.047	0	0	0	0	0	0	
645.421	584.055	401.843	267.231	96.28	404.27	430.015	718.439	0.0927534	387.901	0	0	0	0	0	0	
597.238	578.237	401.843	267.231	145.184	174.081	408.757	718.439	0.0823629	391.863	0	0	0	0	0	0	
756.97	469.253	262.97	64.4336	220.408	657.113	790.989	971.413	0.194029	375.767	0	0	0	0	0	0	
756.97	446.497	314.513	144.547	515.629	588.731	726.899	971.413	0.132606	378.252	0	0	0	0	0	0	
682.662	630.86	615.35	556.122	232.482	328.672	375.061	539.349	0.0490466	401.418	0	0	0	0	0	0	
787.697	778.953	381.207	267.231	162.26	425.748	431.689	617.81	0.13754	377.316	0	0	0	0	0	0	
751	740.104	615.35	568.922	190.313	260.421	343.483	627.059	0.0611006	400.452	0	0	0	0	0	0	
756.97	567.936	262.97	39.9007	220.408	499.871	680.73	1000	0.229957	379.487	0	0	0	0	0	0	
682.662	670.416	615.35	568.922	190.313	328.672	343.483	634.367	0.0458138	407.936	0	0	0	0	0	0	
756.97	502.115	262.97	144.547	220.408	588.731	715.958	971.413	0.145096	383.54	0	0	0	0	0	0	
657.88	584.996	386.996	267.231	104.925	206.074	408.757	718.439	0.0725692	401.883	0	0	0	0	0	0	
657.88	575.843	386.996	267.231	145.184	174.081	408.757	733.972	0.0999491	384.865	0	0	0	0	0	0	



#Generation 10 / 20
currentGen	10
evaluateCount	300
totalTime	815.697
firstFrontCount	16
frontCount	2
avgEvalTime	2.70475
#end
Var1	Var2	Var3	Var4	Var5	Var6	Var7	Var8	Obj1	Obj2	Cons1	Cons2	Cons3	Cons4	Cons5	Cons6	
645.421	584.996	401.843	267.231	145.184	174.081	408.757	718.439	0.0821023	391.227	0	0	0	0	0	0	
682.662	670.416	615.35	568.922	190.313	328.672	343.483	627.059	0.0487152	400.46	0	0	0	0	0	0	
682.662	670.416	615.35	568.922	190.313	280.911	343.483	542.294	0.0423422	407.711	0	0	0	0	0	0	
682.662	630.256	615.35	568.922	172.592	328.672	375.061	538.592	0.0564054	398.784	0	0	0	0	0	0	
657.88	554.004	386.996	267.231	145.184	174.081	408.757	733.972	0.0879572	389.218	0	0	0	0	0	0	
645.421	584.055	401.843	266.291	96.28	396.997	450.063	718.439	0.111851	376.45	0	0	0	0	0	0	
787.697	724.992	381.207	267.231	162.26	371.031	543.51	701.423	0.132765	375.187	0	0	0	0	0	0	
682.662	653.208	615.35	568.922	167.43	328.672	438.938	875.443	0.0439922	401.931	0	0	0	0	0	0	
771.903	630.86	615.35	579.994	232.482	328.672	361.252	539.349	0.0647343	393.599	0	0	0	0	0	0	
756.97	502.115	262.97	247.705	206.95	442.805	693.62	955.245	0.0953615	382.138	0	0	0	0	0	0	
787.697	778.953	381.207	267.231	88.1425	425.748	431.689	617.81	0.133799	369.404	0	0	0	0	0	0	
657.88	537.095	386.996	283.402	145.184	174.081	408.757	646.54	0.0881599	387.409	0	0	0	0	0	0	
682.662	653.208	615.35	568.922	167.43	328.672	343.483	875.443	0.0507966	399.899	0	0	0	0	0	0	
645.421	596.633	401.843	266.291	96.28	396.997	448.476	595.818	0.0832514	390.412	0	0	0	0	0	0	
693.951	653.208	615.35	568.922	68.4533	338.654	438.938	875.443	0.0445383	400.779	0	0	0	0	0	0	
682.662	650.804	597.006	568.922	190.313	328.672	351.38	648.268	0.0359097	408.901	0	0	0	0	0	0	
756.97	469.253	262.97	64.4336	220.408	657.113	790.989	971.413	0.194029	375.767	0	0	0	0	0	0	
682.701	630.256	579.233	568.922	204.241	328.672	375.061	538.592	0.0385652	409.056	0	0	0	0	0	0	
787.697	778.953	381.207	267.231	162.26	425.748	431.689	617.81	0.13754	377.316	0	0	0	0	0	0	
675.356	663.254	450.481	270.946	201.696	325.598	416.27	712.932	0.115428	381.047	0	0	0	0	0	0	
682.662	653.208	615.35	568.922	167.43	328.672	343.483	875.443	0.0449448	406.088	0	0	0	0	0	0	
645.421	597.195	401.843	295.665	96.28	404.27	450.063	718.439	0.0694801	397.754	0	0	0	0	0	0	
675.356	623.094	450.481	267.231	201.696	325.598	430.015	718.439	0.089828	387.502	0	0	0	0	0	0	
756.97	446.497	314.513	144.547	515.629	588.731	726.899	971.413	0.132606	378.252	0	0	0	0	0	0	
771.903	630.86	615.35	579.994	232.482	328.672	361.252	539.349	0.0510069	400.201	0	0	0	0	0	0	
682.662	630.86	615.35	556.122	232.482	328.672	375.061	539.349	0.0490466	401.418	0	0	0	0	0	0	
597.238	578.237	401.843	267.231	145.184	174.081	408.757	718.439	0.0823629	391.863	0	0	0	0	0	0	
645.421	584.055	401.843	264.583	96.28	404.27	450.063	718.439	0.097659	383.507	0	0	0	0	0	0	
675.356	623.094	395.43	267.231	201.696	325.598	430.015	718.439	0.100171	383.42	0	0	0	0	0	0	
733.48	474.159	262.97	257.392	86.3498	442.805	693.62	957.791	0.0867126	390.498	0	0	0	0	0	0	



#Generation 11 / 20
currentGen	11
evaluateCount	330
totalTime	900.026
firstFrontCount	18
frontCount	2
avgEvalTime	2.80545
#end
Var1	Var2	Var3	Var4	Var5	Var6	Var7	Var8	Obj1	Obj2	Cons1	Cons2	Cons3	Cons4	Cons5	Cons6	
645.421	584.996	401.843	267.231	145.184	174.081	408.757	718.439	0.0821023	391.227	0	0	0	0	0	0	
657.88	554.004	386.996	267.231	145.184	174.081	408.757	733.972	0.0879572	389.218	0	0	0	0	0	0	
645.421	584.055	401.843	266.291	96.28	396.997	450.063	718.439	0.111851	376.45	0	0	0	0	0	0	
682.662	653.208	615.35	568.922	167.43	328.672	438.938	875.443	0.0439922	401.931	0	0	0	0	0	0	
771.903	630.86	615.35	579.994	232.482	328.672	361.252	539.349	0.0647343	393.599	0	0	0	0	0	0	
756.97	502.115	262.97	247.705	206.95	442.805	693.62	955.245	0.0953615	382.138	0	0	0	0	0	0	
787.697	778.953	381.207	267.231	88.1425	425.748	431.689	617.81	0.133799	369.404	0	0	0	0	0	0	
657.88	537.095	386.996	283.402	145.184	174.081	408.757	646.54	0.0881599	387.409	0	0	0	0	0	0	
645.421	596.633	401.843	266.291	96.28	396.997	448.476	595.818	0.0832514	390.412	0	0	0	0	0	0	
693.951	653.208	615.35	568.922	68.4533	338.654	438.938	875.443	0.0445383	400.779	0	0	0	0	0	0	
682.662	650.804	597.006	568.922	190.313	328.672	351.38	648.268	0.0359097	408.901	0	0	0	0	0	0	
682.662	653.208	615.35	487.115	111.976	328.672	543.357	875.443	0.0414738	407.301	0	0	0	0	0	0	
682.662	653.208	615.35	551.68	167.43	328.672	343.483	875.443	0.0386424	408.732	0	0	0	0	0	0	
692.399	639.519	288.83	247.705	128.929	442.805	703.376	955.245	0.0946129	384.682	0	0	0	0	0	0	
724.552	650.804	597.006	568.922	190.313	222.763	439.753	648.268	0.0479495	396.748	0	0	0	0	0	0	
657.88	537.095	386.996	283.402	145.184	220.727	408.757	646.54	0.0906347	386.922	0	0	0	0	0	0	
646.176	554.004	386.996	267.231	98.9693	180.132	408.757	726.873	0.0799599	392.39	0	0	0	0	0	0	
829.872	816.368	380.072	267.231	88.1425	425.748	431.689	617.81	0.124067	374.876	0	0	0	0	0	0	
756.97	446.497	408.345	144.547	405.571	429.985	726.899	971.413	0.143754	374.282	0	0	0	0	0	0	
682.701	630.256	579.233	568.922	204.241	328.672	375.061	538.592	0.0385652	409.056	0	0	0	0	0	0	
675.356	663.254	450.481	270.946	201.696	325.598	416.27	712.932	0.115428	381.047	0	0	0	0	0	0	
682.662	653.208	615.35	392.302	198.748	347.418	438.938	875.443	0.0669317	394.097	0	0	0	0	0	0	
756.97	446.497	314.513	144.547	515.629	588.731	726.899	971.413	0.132606	378.252	0	0	0	0	0	0	
682.662	630.256	615.35	568.922	172.592	328.672	375.061	538.592	0.0564054	398.784	0	0	0	0	0	0	
675.356	623.094	450.481	267.231	201.696	325.598	430.015	718.439	0.089828	387.502	0	0	0	0	0	0	
597.238	578.237	401.843	267.231	145.184	174.081	408.757	718.439	0.0823629	391.863	0	0	0	0	0	0	
682.662	653.208	615.35	568.922	167.43	328.672	343.483	875.443	0.0449448	406.088	0	0	0	0	0	0	
675.356	623.094	395.43	267.231	201.696	325.598	430.015	718.439	0.100171	383.42	0	0	0	0	0	0	
682.662	670.416	615.35	568.922	190.313	328.672	343.483	627.059	0.0487152	400.46	0	0	0	0	0	0	
787.697	724.992	381.207	267.231	162.26	371.031	543.51	701.423	0.132765	375.187	0	0	0	0	0	0	



